0.0816700000000000,
0.0149200000000000,
0.0278200000000000,
0.0425300000000000,
0.127020000000000,
0.0222800000000000,
0.0201500000000000,
0.0609400000000000,
0.0696600000000000,
0.00153000000000000,
0.00772000000000000,
0.0402500000000000,
0.0240600000000000,
0.0674900000000000,
0.0750700000000000,
0.0192900000000000,
0.000950000000000000,
0.0598700000000000,
0.0632700000000000,
0.0905600000000000,
0.0275800000000000,
0.00978000000000000,
0.0236000000000000,
0.00150000000000000,
0.0194700000000000,
0.00102000000000000